sourcename num edu usertype citylevel bin rbin tc jd um cmax omax pre bo td1 td2 zx1 def zx2 qudao_type
APP资产大额51卡宝 116 0.0344827586206897 0.155172413793103 0.370689655172414 0.482758620689655 0.189655172413793 0.0260869565217391 0.140625 0.178571428571429 0.227272727272727 0.363636363636364 0.189655172413793 0.198275862068966 0.55045871559633 0.954128440366973 0.263157894736842 0.880434782608696 0.571428571428571 APP
百融 66 0.0606060606060606 0.303030303030303 0.212121212121212 0.515151515151515 0.212121212121212 0.0454545454545455 0.032258064516129 0.1875 0.210526315789474 0.157894736842105 0.257575757575758 0.151515151515152 0.566666666666667 1 0.388888888888889 0.827586206896552 0.526315789473684 APP
百融白名单 1005 0.0606965174129353 0.290547263681592 0.269651741293532 0.43681592039801 0.235235235235235 0.0647410358565737 0.170055452865065 0.223393045310854 0.285245901639344 0.377049180327869 0.159203980099502 0.387064676616915 0.465897166841553 0.96234309623431 0.254237288135593 0.776699029126214 0.605263157894737 APP
大额广点通 851 0.0376028202115159 0.286721504112808 0.245593419506463 0.398354876615746 0.169047619047619 0.0235017626321974 0.0704845814977974 0.109517601043025 0.170886075949367 0.272151898734177 0.148061104582844 0.357226792009401 0.58968058968059 0.980746089049338 0.355704697986577 0.796852646638054 0.605095541401274 APP
大额广点通1 131 0.0458015267175573 0.312977099236641 0.236641221374046 0.290076335877863 0.230769230769231 0.0625 0.072463768115942 0.147540983606557 0.0952380952380952 0.166666666666667 0.152671755725191 0.389312977099237 0.532786885245902 1 0.48780487804878 0.808695652173913 0.5 APP
大额优借 292 0.0479452054794521 0.304794520547945 0.226027397260274 0.493150684931507 0.186851211072664 0.0342465753424658 0.143712574850299 0.108614232209738 0.176470588235294 0.308823529411765 0.150684931506849 0.294520547945205 0.47565543071161 0.966417910447761 0.169230769230769 0.83982683982684 0.661764705882353 APP
粉丝通凯美大额 88 0.0795454545454545 0.386363636363636 0.295454545454545 0.568181818181818 0.413793103448276 0.0574712643678161 0.215384615384615 0.321428571428571 0.258064516129032 0.225806451612903 0.159090909090909 0.443181818181818 0.524390243902439 0.976190476190476 0.321428571428571 0.805194805194805 0.419354838709677 APP
广点通 2390 0.0255230125523013 0.236401673640167 0.264016736401674 0.368200836820084 0.13816631130064 0.0184254606365159 0.0604026845637584 0.122980251346499 0.246013667425968 0.364464692482916 0.156903765690377 0.341004184100418 0.528259902091678 0.970703979011806 0.263657957244656 0.783238489394723 0.539863325740319 APP
今日头条大额 774 0.0516795865633075 0.297157622739018 0.219638242894057 0.356589147286822 0.232073011734029 0.0245478036175711 0.126288659793814 0.186704384724187 0.329479768786127 0.46242774566474 0.180878552971576 0.366925064599483 0.548387096774194 0.986702127659574 0.255952380952381 0.838557993730408 0.589595375722543 APP
今日头条大额2 651 0.0168970814132104 0.359447004608295 0.211981566820276 0.341013824884793 0.226851851851852 0.0230414746543779 0.118694362017804 0.217391304347826 0.337931034482759 0.468965517241379 0.204301075268817 0.296466973886329 0.518151815181518 0.99016393442623 0.309859154929577 0.831826401446655 0.593103448275862 APP
陌陌信息流大额 133 0.0150375939849624 0.240601503759398 0.270676691729323 0.323308270676692 0.102362204724409 0.0075187969924812 0.0454545454545455 0.111111111111111 0.181818181818182 0.272727272727273 0.18796992481203 0.398496240601504 0.48780487804878 0.968 0.476190476190476 0.797979797979798 0.409090909090909 APP
神马SEM大额 632 0.0427215189873418 0.278481012658228 0.213607594936709 0.384493670886076 0.193220338983051 0.0221518987341772 0.0711974110032362 0.130434782608696 0.166666666666667 0.260869565217391 0.134493670886076 0.381329113924051 0.578231292517007 0.98841059602649 0.359375 0.803883495145631 0.525547445255474 APP
亿玛dsp 299 0.0234113712374582 0.127090301003344 0.217391304347826 0.551839464882943 0.0955631399317406 0.023489932885906 0.0588235294117647 0.113138686131387 0.233333333333333 0.4 0.137123745819398 0.511705685618729 0.520408163265306 0.916107382550336 0.344827586206897 0.733333333333333 0.533333333333333 APP
原点时空大额 680 0.0661764705882353 0.277941176470588 0.230882352941176 0.45 0.239290989660266 0.0310192023633678 0.122249388753056 0.177740863787375 0.194630872483221 0.25503355704698 0.130882352941176 0.4 0.580441640378549 0.984591679506934 0.378378378378378 0.778966131907308 0.516778523489933 APP
资产大额九格网络 108 0.0462962962962963 0.277777777777778 0.175925925925926 0.342592592592593 0.216981132075472 0.00925925925925926 0.116666666666667 0.12 0.25 0.392857142857143 0.185185185185185 0.37037037037037 0.59 1 0.48 0.835164835164835 0.571428571428571 APP
资产大额秋成科技 2537 0.0413874655104454 0.274733937721719 0.260149783208514 0.409932991722507 0.166931637519873 0.0288082083662194 0.111747851002865 0.133079847908745 0.18232044198895 0.224677716390424 0.138352384706346 0.27985810011825 0.525503643377625 0.973762166737199 0.286527514231499 0.801854563201562 0.548802946593002 APP
资产大额秋成科技二 341 0.0498533724340176 0.255131964809384 0.24633431085044 0.436950146627566 0.138643067846608 0.0442477876106195 0.137362637362637 0.132911392405063 0.175675675675676 0.22972972972973 0.143695014662757 0.299120234604106 0.557632398753894 0.972049689440994 0.383561643835616 0.824626865671642 0.594594594594595 APP
百度SEM-MB大额 1510 0.0291390728476821 0.47682119205298 0.308609271523179 0.102649006622517 0 0.023841059602649 0.092741935483871 0.122871946706144 0.101851851851852 0.189814814814815 0.129801324503311 0.788079470198676 0.556094182825485 0.994694960212202 0.415865384615385 0.802564102564103 0.446759259259259 M
百度信息流大额 128 0.015625 0.5390625 0.2109375 0.0625 NA 0.0078125 0.0869565217391304 0.0782608695652174 0.0851063829787234 0.191489361702128 0.1875 0.7890625 0.512 1 0.409090909090909 0.785714285714286 0.468085106382979 M
百融白名单M站 909 0.0341034103410341 0.464246424642464 0.287128712871287 0.168316831683168 0 0.0693069306930693 0.149425287356322 0.218713450292398 0.243037974683544 0.324050632911392 0.179317931793179 0.837183718371837 0.477348066298343 0.987898789878988 0.237960339943343 0.841530054644809 0.435443037974684 M
大额朋友圈M站 83 0.0963855421686747 0.542168674698795 0.650602409638554 0.156626506024096 NA 0.0843373493975904 0.230769230769231 0.269230769230769 0.65 0.7 0.204819277108434 0.963855421686747 0.707317073170732 1 0.421052631578947 1 0.55 M
大额钱院 75 0.0266666666666667 0.426666666666667 0.386666666666667 0.173333333333333 NA 0.12 0.12962962962963 0.246153846153846 0.179487179487179 0.102564102564103 0.173333333333333 0.866666666666667 0.506666666666667 0.986666666666667 0.210526315789474 0.75 0.41025641025641 M
大额优借M站 118 0.00847457627118644 0.415254237288136 0.305084745762712 0.203389830508475 1 0.0508474576271186 0.0606060606060606 0.238938053097345 0.296296296296296 0.277777777777778 0.169491525423729 0.838983050847458 0.598290598290598 0.991525423728814 0.254901960784314 0.92 0.481481481481481 M
神马SEM大额 480 0.0333333333333333 0.454166666666667 0.260416666666667 0.0770833333333333 0.2 0.0292275574112735 0.0934959349593496 0.128378378378378 0.111111111111111 0.2 0.164583333333333 0.764583333333333 0.607843137254902 0.997916666666667 0.371212121212121 0.722627737226277 0.518518518518518 M
搜狗SEM-MB大额 1027 0.0243427458617332 0.487828627069133 0.242453748782863 0.0603700097370983 0.133333333333333 0.0234146341463415 0.0716845878136201 0.0837867247007617 0.158333333333333 0.1625 0.112950340798442 0.757546251217137 0.599794238683128 0.991228070175439 0.493449781659389 0.821538461538462 0.475 M
资产大额M站分销联盟 1700 0.0258823529411765 0.505294117647059 0.261176470588235 0.141764705882353 0 0.0418138987043581 0.110582639714625 0.167630057803468 0.221848739495798 0.253781512605042 0.13 0.825294117647059 0.546379413524835 0.991755005889282 0.292253521126761 0.813829787234043 0.527731092436975 M
资产大额M站九格 659 0.047040971168437 0.471927162367223 0.204855842185129 0.12443095599393 0.285714285714286 0.0257966616084977 0.116847826086957 0.16722972972973 0.22289156626506 0.409638554216867 0.176024279210926 0.783004552352049 0.621329211746522 0.995447647951442 0.475 0.73015873015873 0.512048192771084 M
资产大额M站卡牛 939 0.0287539936102236 0.411075612353568 0.308839190628328 0.19062832800852 0.2 0.0698174006444683 0.198148148148148 0.250855188141391 0.2875 0.3175 0.159744408945687 0.835995740149095 0.493589743589744 0.980830670926518 0.251295336787565 0.803191489361702 0.5425 M
资产大额M站秒到科技 70 0.0285714285714286 0.757142857142857 0.328571428571429 0.185714285714286 NA 0.0428571428571429 0.125 0.17741935483871 0.192307692307692 0.153846153846154 0.0428571428571429 0.871428571428571 0.686567164179104 1 0.333333333333333 0.818181818181818 0.538461538461538 M
资产大额M站融翔科技 144 0.0833333333333333 0.388888888888889 0.305555555555556 0.194444444444444 NA 0.0416666666666667 0.0810810810810811 0.328125 0.4 0.44 0.145833333333333 0.965277777777778 0.535714285714286 0.979166666666667 0.25 0.666666666666667 0.52 M
资产大额M站瑞萨斯 752 0.0132978723404255 0.57313829787234 0.327127659574468 0.117021276595745 0 0.0425531914893617 0.109090909090909 0.146341463414634 0.181268882175227 0.317220543806647 0.163563829787234 0.82313829787234 0.55195681511471 0.996010638297872 0.220820189274448 0.838323353293413 0.504531722054381 M
资产大额M站闪电公积金 189 0.121693121693122 0.365079365079365 0.259259259259259 0.148148148148148 0.666666666666667 0.0476190476190476 0.128205128205128 0.182857142857143 0.369230769230769 0.446153846153846 0.53968253968254 0.671957671957672 0.505376344086022 0.994708994708995 0.238095238095238 0.720588235294118 0.523076923076923 M
资产大额M站省呗2 71 0 0.366197183098592 0.23943661971831 0.126760563380282 0 0.0563380281690141 0.225 0.205882352941176 0.09375 0.15625 0.0985915492957746 0.788732394366197 0.549295774647887 1 0.258064516129032 0.857142857142857 0.40625 M
资产大额贷服务号 545 0.0293577981651376 0.326605504587156 0.255045871559633 0.157798165137615 0.363636363636364 0.0553505535055351 0.156739811912226 0.197183098591549 0.192771084337349 0.307228915662651 0.115596330275229 0.711926605504587 0.594040968342644 0.988990825688073 0.345679012345679 0.746113989637306 0.536144578313253 M
资产大额顶效M站 479 0.0146137787056367 0.588726513569937 0.367432150313152 0.0730688935281837 0 0.0188284518828452 0.1015625 0.129840546697039 0.0425531914893617 0.099290780141844 0.0897703549060543 0.826722338204593 0.636363636363636 1 0.371212121212121 0.831775700934579 0.340425531914894 M
